#--------------------------------------------------------------# 
# Le fichier se présente ainsi : 
# Parcours i : 
# Detail du parcours 
# CoutDuParcoursPourLe1erFichier CoutDuParcoursPourLe2emeFichier 
#--------------------------------------------------------------# 

# Parcours 99 : 
# 62 7 86 10 96 13 3 94 11 64 69 100 68 73 67 90 89 70 17 36 12 56 98 53 5 97 42 15 57 43 60 22 34 87 20 61 32 1 27 49 14 19 48 9 4 33 95 85 37 30 58 28 26 76 41 44 18 91 24 50 78 54 51 81 21 2 84 16 31 38 59 75 80 83 39 29 99 46 82 52 55 45 23 93 92 63 72 71 25 88 35 8 47 65 6 74 79 77 40 66 
156812.713876 155189.697353

# Parcours 167 : 
# 8 20 49 99 25 78 59 66 56 94 95 12 82 35 36 75 15 55 9 30 40 100 28 10 48 64 73 7 34 4 63 57 14 96 41 62 2 71 13 47 89 86 91 27 24 87 39 98 37 54 3 76 5 33 85 80 65 21 31 84 22 97 38 53 17 44 50 69 68 74 92 42 83 45 70 61 43 93 60 58 11 46 79 6 26 16 1 29 72 90 77 18 88 81 51 23 67 19 52 32 
149846.918915 167778.025051

# Parcours 183 : 
# 31 44 37 85 45 50 32 68 90 75 59 72 62 26 48 91 34 46 84 43 30 95 86 100 83 40 36 94 24 47 9 74 13 41 42 70 58 54 20 21 77 55 64 16 1 51 98 3 10 17 19 60 66 27 61 63 82 2 99 53 67 81 29 93 11 39 28 49 38 76 69 4 25 97 80 8 73 35 14 65 78 57 71 56 33 12 87 15 7 18 96 79 88 22 92 23 5 52 6 89 
165276.508309 143025.436011

# Parcours 208 : 
# 99 15 79 43 8 33 85 39 1 30 31 18 93 68 35 27 34 4 87 20 65 100 90 41 40 94 71 58 80 49 59 23 92 74 29 3 60 97 78 48 76 82 6 24 86 77 84 64 63 66 53 26 70 95 19 2 55 9 22 37 75 56 47 25 38 98 54 62 61 52 57 83 46 32 45 69 16 88 17 67 5 28 72 14 11 7 36 89 96 44 13 81 51 42 50 73 12 91 21 10 
160199.280278 151761.222856

# Parcours 247 : 
# 70 92 69 10 56 14 29 60 1 97 8 58 83 35 22 93 6 91 9 28 47 36 88 12 99 46 50 16 18 26 38 98 66 72 23 25 31 84 96 21 34 77 94 52 62 74 67 89 7 63 41 33 48 37 40 44 78 54 30 85 2 19 90 3 95 51 76 64 82 61 81 71 49 100 43 15 57 65 68 11 59 42 27 53 75 32 73 45 4 39 5 17 86 55 87 20 13 80 79 24 
152430.025270 165990.384576

# Parcours 291 : 
# 59 98 68 97 15 11 70 36 5 8 62 90 16 55 69 34 94 93 24 18 31 89 26 42 65 37 50 3 77 48 45 83 22 81 85 28 56 46 84 72 57 38 6 92 99 82 4 1 54 91 39 30 86 7 12 29 43 25 33 95 44 14 52 41 19 40 73 75 10 53 61 80 58 51 78 23 96 49 87 76 66 63 27 20 32 2 64 79 35 100 9 88 47 74 21 71 17 67 60 13 
155260.385389 159341.381867

# Parcours 349 : 
# 65 40 73 23 94 88 81 9 85 22 10 13 82 8 97 24 37 100 80 58 3 28 46 14 18 49 11 1 32 95 87 55 35 63 91 4 71 47 96 50 66 41 69 54 84 38 99 6 52 42 60 33 34 48 61 16 98 93 57 5 62 92 26 64 76 2 36 27 44 75 79 70 7 15 17 51 19 56 74 77 31 39 30 72 78 43 29 83 25 67 21 68 59 12 20 86 90 45 89 53 
154436.798329 160018.085573

# Parcours 352 : 
# 64 87 36 35 47 7 10 93 63 89 19 90 53 1 84 55 15 68 30 71 38 4 16 24 94 50 2 70 52 31 37 88 43 96 39 9 78 57 44 61 81 77 75 26 56 79 11 72 80 83 6 99 29 54 28 86 46 60 14 13 40 42 21 97 5 95 92 34 73 32 66 17 20 58 100 91 98 65 69 49 76 12 85 33 74 67 59 25 27 22 51 18 8 82 23 62 45 3 48 41 
154109.901286 161668.510356

