#--------------------------------------------------------------# 
# Le fichier se présente ainsi : 
# Parcours : 
# Detail du parcours 
# CoutDuParcoursPourLe1erFichier CoutDuParcoursPourLe2emeFichier 
#--------------------------------------------------------------# 

# Parcours : 
# 49 59 57 98 45 22 29 27 26 86 8 80 21 71 95 13 47 18 54 28 37 39 85 58 97 44 12 3 41 9 79 24 99 70 56 75 43 35 20 84 34 78 31 92 63 76 15 16 89 94 6 83 90 66 23 48 55 30 93 52 4 14 19 73 91 11 38 10 74 61 7 77 68 1 40 67 53 5 33 2 51 100 36 82 60 88 46 64 25 96 69 65 50 87 62 72 17 42 81 32 
155500.632593 150722.337893

# Parcours : 
# 85 13 3 1 75 64 53 16 25 58 43 14 42 31 80 66 84 6 45 69 67 49 90 91 33 60 35 44 23 54 95 5 10 88 97 32 62 65 74 68 9 2 92 70 40 26 94 87 37 82 39 7 11 55 22 50 38 47 89 56 79 18 34 59 77 48 73 51 96 78 20 57 99 61 71 98 24 36 100 76 28 83 86 72 81 93 63 21 19 17 41 15 8 52 12 27 29 46 30 4 
144422.409751 158238.583366

# Parcours : 
# 28 45 9 70 72 32 46 41 68 73 2 59 69 88 85 90 82 43 11 38 19 48 55 58 83 20 56 89 51 100 98 87 71 29 64 5 13 40 67 39 97 14 25 52 6 49 63 10 24 36 21 22 17 23 47 93 35 99 75 95 50 76 74 81 44 1 78 65 53 16 66 91 26 42 92 8 37 61 54 62 60 7 57 33 30 96 84 79 27 31 77 34 12 4 80 18 86 94 15 3 
142740.232265 182662.612129

# Parcours : 
# 30 81 69 83 64 28 15 17 62 43 78 63 72 95 53 89 14 4 65 61 97 88 21 84 79 22 45 49 75 23 94 66 6 96 67 48 57 82 52 8 42 29 25 74 70 1 10 18 33 47 3 35 36 31 100 44 77 41 12 11 46 26 92 32 99 76 50 37 16 38 91 80 60 19 51 13 71 9 68 39 90 34 56 55 20 40 54 87 24 2 93 86 27 73 85 58 98 7 5 59 
155258.017186 156669.487366

# Parcours : 
# 88 11 98 56 97 74 53 16 92 46 14 28 70 3 69 75 65 63 31 36 66 62 1 76 22 80 86 2 90 47 71 45 44 64 26 35 10 40 29 20 41 51 77 78 33 23 34 87 60 82 17 94 27 6 57 7 37 79 67 85 50 21 61 5 39 32 43 52 83 42 100 95 93 89 54 38 13 24 68 99 4 49 8 72 91 58 30 9 12 18 73 59 81 19 96 84 15 48 25 55 
170291.548252 146077.465956

# Parcours : 
# 37 88 40 94 52 8 47 22 15 45 74 63 91 4 93 12 29 86 21 50 43 23 13 48 59 99 58 61 10 100 55 28 68 90 18 70 27 35 39 72 66 46 24 6 85 69 5 97 19 36 16 71 30 75 77 44 2 96 81 67 80 25 11 14 78 65 56 51 17 92 33 3 95 76 84 34 32 54 53 49 26 20 42 41 98 1 87 31 79 82 38 89 73 9 62 60 7 57 83 64 
161950.473032 146574.018475

# Parcours : 
# 89 40 27 73 86 67 88 4 80 19 49 54 60 62 90 91 55 45 85 15 44 48 51 14 35 43 22 26 53 13 81 17 31 66 32 92 94 41 82 87 33 1 3 99 16 64 46 39 8 95 61 97 7 29 47 37 71 58 38 56 70 72 10 78 42 57 21 68 12 98 63 36 50 6 59 52 83 84 79 20 100 77 96 5 65 9 30 23 18 25 34 75 24 11 74 93 28 76 69 2 
159161.874831 147801.333849

